0031381
0046250
0053125
0053935
0055928
0056172
0057012
0057076
0057115
0058150
0058461
0059578
0060196
0061722
0062622
0064116
0064782
0065207
0066999
0067588
0068646
0070511
0070917
0071230
0071360
0073195
0075784
0080339
0080455
0081505
0082971
0083658
0086250
0087469
0088763
0088847
0090605
0091042
0093058
0093748
0097576
0097757
0098554
0102926
0103064
0106977
0107290
0108052
0108394
0109444
0109445
0109830
0110912
0111161
0112384
0117509
0117951
0118715
0119217
0120611
0120815
0125439
0133093
0178868
0180093
0195685
0208092
0211915
0245429
0250494
0253474
0264464
0333766
0358273
0401445
0407887
0425123
0449059
0457430
0936501
1119646
1136608
1375666
